##BLOCKS= 2          
Note:~End
Plate:	Plate#1	1.3	PlateFormat	Endpoint	Absorbance	Raw	FALSE	1						3	630 663 750	1	12	96	1	8	None	
	Temperature(¡C)	1	2	3	4	5	6	7	8	9	10	11	12		1	2	3	4	5	6	7	8	9	10	11	12		1	2	3	4	5	6	7	8	9	10	11	12		
	26.80	0.1172	0.2654	0.2218	0.1735	0.2141	0.2278	0.2529	0.1171	0.1669	0.1735	0.1881	0.1886		0.0908	0.2776	0.2324	0.1821	0.2072	0.1801	0.2371	0.1172	0.1846	0.477	0.5081	0.5115		0.0777	0.2789	0.2394	0.1867	0.1955	0.1183	0.2038	0.1182	0.198	0.0372	0.0404	0.0458		
		0.1173	0.1226	0.124	0.0535	0.0575	0.0534	0.2118	0.2217	0.2181	0.1195	0.123	0.1235		0.2925	0.3235	0.3252	0.0871	0.0893	0.0875	0.6046	0.6342	0.6227	0.3225	0.3364	0.336		0.0387	0.0397	0.0415	0.0384	0.0378	0.0376	0.0376	0.0374	0.0382	0.037	0.0371	0.0376		
		0.1055	0.1079	0.1045	0.0704	0.0703	0.071	0.1567	0.1619	0.1617	0.08	0.0804	0.0813		0.2625	0.2712	0.2597	0.1425	0.142	0.1446	0.5347	0.5555	0.5533	0.1915	0.1967	0.197		0.0388	0.0378	0.038	0.0368	0.0373	0.037	0.0371	0.0371	0.0372	0.0377	0.0366	0.037		
		0.0814	0.084	0.0844	0.0835	0.0862	0.0855	0.08	0.0807	0.0812	0.0643	0.0646	0.0658		0.1796	0.1908	0.1895	0.1784	0.1887	0.1869	0.1806	0.1831	0.1844	0.1271	0.1301	0.1293		0.0379	0.0375	0.0381	0.0386	0.0384	0.038	0.0371	0.0368	0.037	0.0371	0.0365	0.0371		
		0.0738	0.0781	0.0766	0.075	0.0741	0.0754	0.0899	0.0899	0.0898	0.0811	0.0824	0.0873		0.1758	0.1931	0.1882	0.1521	0.153	0.1549	0.2209	0.2229	0.2232	0.1705	0.1727	0.1743		0.0381	0.0385	0.0372	0.0384	0.0386	0.0378	0.0382	0.0377	0.0376	0.0373	0.0367	0.0376		
		0.2225	0.2232	0.2245	0.0771	0.0771	0.0763	0.1266	0.13	0.132	0.1253	0.133	0.1261		0.6309	0.641	0.6461	0.1556	0.1572	0.1563	0.365	0.3721	0.3744	0.4247	0.4476	0.4316		0.0392	0.0385	0.0383	0.0381	0.039	0.0381	0.0381	0.0398	0.0412	0.0374	0.0408	0.0369		
		0.1795	0.182	0.1819	0.0826	0.0829	0.0878	0.0965	0.0964	0.0983	0.1471	0.1496	0.1559		0.5701	0.5848	0.5791	0.1805	0.18	0.1852	0.2171	0.2138	0.2262	0.3993	0.4091	0.4128		0.0384	0.0387	0.0388	0.0372	0.0374	0.0419	0.0381	0.0379	0.0405	0.0374	0.0384	0.0407		
		0.111	0.1114	0.1147	0.1692	0.1893	0.5903	0.1553	0.158	0.1577	0.206	0.2144	0.2131		0.2723	0.2745	0.2812	0.4887	0.5544	0.9284	0.4151	0.429	0.4299	0.6435	0.6742	0.665		0.0388	0.0394	0.0395	0.0384	0.0397	0.4406	0.0403	0.0384	0.0383	0.0379	0.0371	0.0384		
		
~End
Original Filename: palau_chlorophyll_plate8.pda   Date Last Saved: 1/07/2019
Instrument type: Instrument serial number:
