##BLOCKS= 2          
Note:~End
Plate:	Plate#1	1.3	PlateFormat	Endpoint	Absorbance	Raw	FALSE	1						3	630 663 750	1	12	96	1	8	None	
	Temperature(¡C)	1	2	3	4	5	6	7	8	9	10	11	12		1	2	3	4	5	6	7	8	9	10	11	12		1	2	3	4	5	6	7	8	9	10	11	12		
	24.90	0.0407	0.0482	0.0624	0.2036	0.0406	0.0415	0.0414	0.0413	0.0507	0.0461	0.0466	0.0459		0.0393	0.046	0.0564	0.2006	0.0391	0.04	0.0399	0.0399	0.0467	0.045	0.0453	0.0444		0.0383	0.0445	0.0537	0.1959	0.0379	0.0384	0.039	0.0385	0.0446	0.0436	0.0444	0.0433		
		0.0553	0.0602	0.0579	0.139	0.1644	0.1675	0.0638	0.0655	0.0663	0.045	0.0457	0.0467		0.0931	0.1034	0.1014	0.3985	0.4924	0.5014	0.1135	0.1206	0.1226	0.0442	0.0446	0.0455		0.0389	0.0417	0.0392	0.0389	0.0386	0.0388	0.0405	0.04	0.0397	0.043	0.0433	0.0443		
		0.0773	0.0862	0.0833	0.0787	0.0851	0.085	0.2404	0.2517	0.2637	0.0481	0.0449	0.0489		0.1736	0.1981	0.19	0.1778	0.2053	0.2067	0.7183	0.7504	0.7833	0.0468	0.0435	0.0476		0.0391	0.0402	0.0395	0.0393	0.0382	0.0388	0.0395	0.0394	0.0434	0.0452	0.042	0.0463		
		0.0655	0.0672	0.082	0.0653	0.1442	0.0697	0.0691	0.0717	0.0715	0.0461	0.044	0.0459		0.1123	0.1275	0.1396	0.1285	0.2185	0.144	0.1417	0.1502	0.1498	0.0455	0.0428	0.0446		0.0425	0.0402	0.0546	0.04	0.112	0.0405	0.0384	0.0387	0.039	0.0447	0.0416	0.0434		
		0.1474	0.1497	0.1566	0.129	0.1305	0.1306	0.1153	0.1182	0.1189	0.0442	0.0453	0.0472		0.3804	0.3981	0.4068	0.349	0.3732	0.3743	0.3085	0.3252	0.3268	0.0429	0.0441	0.0459		0.0422	0.0401	0.0416	0.0464	0.0401	0.0392	0.0405	0.0386	0.039	0.0423	0.0433	0.0449		
		0.0686	0.0733	0.0754	0.3378	0.3552	0.3515	0.0599	0.0633	0.0588	0.0472	0.0459	0.0466		0.1447	0.1686	0.1689	1.1403	1.2012	1.1929	0.1049	0.1113	0.1073	0.0455	0.0449	0.0454		0.0392	0.0386	0.0399	0.0447	0.046	0.0422	0.0398	0.0411	0.0381	0.0438	0.0444	0.0442		
		0.0974	0.1044	0.102	0.073	0.0764	0.1118	0.0808	0.085	0.0829	0.0478	0.0448	0.0469		0.2176	0.244	0.235	0.1609	0.1729	0.2086	0.1802	0.2015	0.1949	0.0465	0.0435	0.0458		0.039	0.0392	0.0391	0.0405	0.0406	0.0804	0.0416	0.0396	0.0395	0.0454	0.0421	0.0445		
		0.1315	0.1381	0.149	0.1424	0.1438	0.2233	0.0714	0.0685	0.07	0.0451	0.0444	0.0522		0.3543	0.378	0.3938	0.3996	0.4403	0.505	0.1383	0.1359	0.1376	0.0437	0.0433	0.0507		0.0392	0.0401	0.0479	0.0527	0.0403	0.1391	0.0421	0.0388	0.0406	0.0428	0.0421	0.0497		
		
~End
Original Filename: palau_chlorophyll_plate2.pda   Date Last Saved: 26/06/2019
Instrument type: Instrument serial number:
