##BLOCKS= 2          
Note:~End
Plate:	Plate#1	1.3	PlateFormat	Endpoint	Absorbance	Raw	FALSE	1						3	630 663 750	1	12	96	1	8	None	
	Temperature(¡C)	1	2	3	4	5	6	7	8	9	10	11	12		1	2	3	4	5	6	7	8	9	10	11	12		1	2	3	4	5	6	7	8	9	10	11	12		
	24.90	0.0402	0.0472	0.0529	0.1737	0.0404	0.0414	0.0408	0.0409	0.0434	0.0451	0.0461	0.0451		0.0391	0.0451	0.0501	0.1702	0.039	0.0403	0.04	0.0399	0.0424	0.0446	0.0453	0.0445		0.0375	0.0437	0.0481	0.1656	0.0379	0.0383	0.0386	0.0385	0.0395	0.0434	0.0441	0.043		
		0.0546	0.0599	0.0577	0.1362	0.1625	0.1648	0.0632	0.0652	0.0659	0.0447	0.0448	0.0458		0.092	0.1025	0.1007	0.3914	0.4856	0.4928	0.1123	0.12	0.1218	0.0438	0.0444	0.0455		0.0388	0.0413	0.0389	0.0393	0.0385	0.0385	0.0404	0.0399	0.0395	0.0428	0.0433	0.0438		
		0.0764	0.0848	0.0823	0.0778	0.0835	0.0839	0.2381	0.2492	0.2585	0.0476	0.0441	0.0482		0.1697	0.1941	0.1877	0.1767	0.202	0.2036	0.7086	0.7422	0.7676	0.0469	0.0436	0.0478		0.0389	0.04	0.0395	0.0393	0.038	0.0385	0.0392	0.0391	0.0429	0.0451	0.0421	0.0464		
		0.0643	0.0664	0.079	0.0654	0.1501	0.0688	0.0684	0.0711	0.0707	0.0453	0.0435	0.0454		0.1106	0.126	0.1357	0.1273	0.2296	0.1418	0.1399	0.1485	0.1473	0.0453	0.0428	0.0448		0.0427	0.0396	0.0517	0.0401	0.1254	0.0403	0.0383	0.0386	0.0388	0.0444	0.0417	0.0436		
		0.1458	0.1487	0.1536	0.1288	0.1286	0.1289	0.1136	0.1171	0.1174	0.0439	0.045	0.0468		0.3759	0.3944	0.401	0.3448	0.3678	0.3676	0.3033	0.32	0.3212	0.043	0.044	0.0459		0.0425	0.0396	0.0413	0.047	0.04	0.039	0.0401	0.0383	0.039	0.0418	0.0428	0.0449		
		0.0674	0.0727	0.0743	0.3348	0.3528	0.3488	0.0593	0.0624	0.0589	0.0469	0.0459	0.0463		0.1415	0.1658	0.1665	1.1301	1.1872	1.1816	0.1035	0.1109	0.1061	0.0454	0.0447	0.0453		0.0388	0.0381	0.0401	0.0445	0.0462	0.0417	0.0394	0.041	0.0377	0.0437	0.0439	0.0441		
		0.0954	0.1039	0.1006	0.0731	0.0755	0.1304	0.0814	0.0839	0.0815	0.0465	0.0445	0.0464		0.2132	0.2407	0.2316	0.1605	0.1696	0.2227	0.1801	0.198	0.1913	0.0464	0.0432	0.0456		0.0388	0.0389	0.0386	0.0404	0.0413	0.0998	0.0437	0.0397	0.0391	0.0454	0.0416	0.0445		
		0.1287	0.1364	0.1481	0.1412	0.1429	0.2664	0.0711	0.0676	0.0693	0.0443	0.0436	0.0516		0.3464	0.3692	0.3902	0.3931	0.4346	0.5495	0.1368	0.1337	0.1361	0.0438	0.0429	0.0511		0.0391	0.0407	0.0477	0.0528	0.0398	0.1837	0.0419	0.0385	0.0402	0.0422	0.0418	0.0493		
		
~End
Original Filename: palau_chlorophyll_plate2b.pda   Date Last Saved: 26/06/2019
Instrument type: Instrument serial number:
