##BLOCKS= 2          
Note:~End
Plate:	Plate#1	1.3	PlateFormat	Endpoint	Absorbance	Raw	FALSE	1						3	630 663 750	1	12	96	1	8	None	
	Temperature(¡C)	1	2	3	4	5	6	7	8	9	10	11	12		1	2	3	4	5	6	7	8	9	10	11	12		1	2	3	4	5	6	7	8	9	10	11	12		
	26.40	0.0397	0.0423	0.0403	0.0394	0.039	0.0385	0.044	0.0438	0.0434	0.0429	0.0438	0.0444		0.0383	0.0404	0.0386	0.0385	0.0375	0.0371	0.0435	0.0427	0.042	0.0419	0.0425	0.0433		0.0375	0.0398	0.0374	0.0375	0.0369	0.0365	0.0425	0.0422	0.041	0.0407	0.0417	0.0423		
		0.2262	0.2044	0.2091	0.4713	0.506	0.5072	0.0432	0.043	0.0432	0.043	0.0427	0.0436		0.627	0.598	0.601	1.367	1.4606	1.4642	0.0425	0.042	0.0426	0.042	0.0413	0.0428		0.0551	0.0386	0.0424	0.041	0.041	0.0409	0.042	0.0409	0.0417	0.0411	0.0407	0.0421		
		0.1524	0.2038	0.1639	0.2262	0.2244	0.2218	0.0438	0.0432	0.0434	0.0434	0.0429	0.0444		0.455	0.54	0.4962	0.8083	0.7945	0.7883	0.0429	0.0425	0.0429	0.0426	0.0422	0.0431		0.0387	0.0723	0.0386	0.0387	0.0391	0.0387	0.042	0.0413	0.0419	0.0417	0.0412	0.0421		
		0.1109	0.1109	0.1089	0.0997	0.0999	0.1011	0.0435	0.0434	0.044	0.0434	0.1078	0.0445		0.2846	0.2863	0.2806	0.2513	0.2582	0.2644	0.0426	0.0424	0.043	0.0423	0.1061	0.0435		0.0401	0.0379	0.0391	0.0399	0.0393	0.0379	0.0421	0.0414	0.0424	0.0417	0.1055	0.0427		
		0.0879	0.0872	0.0881	0.043	0.0439	0.0431	0.0443	0.0473	0.0432	0.0429	0.0433	0.0449		0.1931	0.1982	0.1988	0.0419	0.0421	0.0423	0.043	0.046	0.0422	0.0421	0.0425	0.0437		0.041	0.0383	0.038	0.0419	0.0416	0.0411	0.0422	0.0455	0.0418	0.0413	0.0418	0.0428		
		0.0635	0.0666	0.0716	0.044	0.0432	0.0431	0.0429	0.0427	0.0436	0.0434	0.0429	0.0449		0.1223	0.1314	0.1353	0.044	0.0418	0.0417	0.0419	0.0417	0.0431	0.0426	0.0426	0.0437		0.0389	0.0385	0.0438	0.0437	0.0414	0.0409	0.0412	0.041	0.0419	0.0415	0.0421	0.0426		
		0.0765	0.0796	0.0814	0.043	0.044	0.0448	0.0436	0.0441	0.0444	0.0446	0.0444	0.0449		0.176	0.1885	0.1895	0.0422	0.0428	0.0436	0.0422	0.0428	0.0436	0.043	0.0433	0.044		0.0367	0.0375	0.0383	0.0418	0.0422	0.0427	0.0413	0.0414	0.0429	0.0423	0.0425	0.0431		
		0.2705	0.2786	0.2782	0.0443	0.0447	0.0443	0.0446	0.044	0.044	0.0441	0.0436	0.0444		0.8116	0.8386	0.8392	0.0431	0.0432	0.043	0.0441	0.0429	0.0429	0.0432	0.0424	0.0437		0.0399	0.0398	0.0399	0.0423	0.0423	0.0421	0.0433	0.042	0.0421	0.042	0.0414	0.0427		
		
~End
Original Filename: palau_chlorophyll_plate5b.pda   Date Last Saved: 26/06/2019
Instrument type: Instrument serial number:
