##BLOCKS= 2          
Note:~End
Plate:	Plate#1	1.3	PlateFormat	Endpoint	Absorbance	Raw	FALSE	1						3	630 663 750	1	12	96	1	8	None	
	Temperature(¡C)	1	2	3	4	5	6	7	8	9	10	11	12		1	2	3	4	5	6	7	8	9	10	11	12		1	2	3	4	5	6	7	8	9	10	11	12		
	26.10	0.0397	0.0404	0.0407	0.15	0.0383	0.0389	0.0412	0.0379	0.0547	0.0433	0.0436	0.0446		0.038	0.0393	0.0387	0.1458	0.0373	0.0377	0.0398	0.0368	0.0518	0.0422	0.0429	0.0433		0.0373	0.0382	0.0378	0.1368	0.0362	0.0366	0.0386	0.0359	0.0488	0.0411	0.0421	0.0425		
		0.1883	0.2024	0.1937	0.2509	0.2472	0.2571	0.081	0.0802	0.0821	0.0435	0.0428	0.0436		0.5731	0.6263	0.5926	0.7174	0.7027	0.7351	0.1785	0.1793	0.1826	0.0426	0.0425	0.043		0.0385	0.0387	0.0394	0.0403	0.041	0.0391	0.0375	0.0366	0.0371	0.0416	0.0415	0.0421		
		0.0818	0.0953	0.0946	0.1318	0.147	0.148	0.0439	0.0428	0.0436	0.0431	0.0426	0.0448		0.2035	0.2511	0.2502	0.3593	0.4102	0.4098	0.0425	0.0417	0.0424	0.0421	0.0422	0.0436		0.038	0.0371	0.0376	0.0371	0.0373	0.0389	0.0418	0.0411	0.0417	0.0415	0.0409	0.0427		
		0.1135	0.1173	0.12	0.0881	0.0578	0.0897	0.0432	0.044	0.0441	0.0432	0.0424	0.0452		0.2874	0.2985	0.3025	0.2192	0.1021	0.2265	0.0426	0.0432	0.0429	0.0426	0.0419	0.0439		0.0383	0.0377	0.0401	0.0378	0.0385	0.038	0.0418	0.0422	0.0421	0.0414	0.0414	0.0429		
		0.071	0.0712	0.0729	0.1083	0.1163	0.1119	0.0438	0.0432	0.0425	0.0436	0.0433	0.045		0.1371	0.1411	0.1415	0.2971	0.3213	0.3106	0.0425	0.0421	0.0421	0.0422	0.0427	0.0438		0.039	0.0378	0.0389	0.0402	0.0413	0.0392	0.0416	0.0415	0.0419	0.0422	0.0416	0.0425		
		0.0931	0.0902	0.101	0.1229	0.1283	0.1464	0.0428	0.0428	0.0439	0.0438	0.0439	0.0442		0.2636	0.2536	0.2948	0.3399	0.364	0.3775	0.0424	0.0416	0.0428	0.0425	0.0426	0.0436		0.0377	0.0377	0.0374	0.039	0.0392	0.0591	0.0413	0.0412	0.0415	0.041	0.0422	0.0428		
		0.0753	0.076	0.0772	0.0736	0.076	0.0777	0.043	0.0442	0.0438	0.044	0.0428	0.0441		0.1514	0.1536	0.1568	0.1571	0.1629	0.1693	0.0423	0.0428	0.0429	0.0427	0.0415	0.0432		0.0376	0.0378	0.0377	0.038	0.0388	0.0382	0.0412	0.0413	0.0427	0.0417	0.0407	0.0425		
		0.1554	0.169	0.1692	0.1767	0.1923	0.2511	0.045	0.0434	0.047	0.044	0.0437	0.0446		0.2765	0.307	0.3087	0.4974	0.5467	0.6006	0.0439	0.0427	0.0461	0.0429	0.0423	0.0433		0.0412	0.041	0.0418	0.0391	0.0391	0.0998	0.0425	0.0415	0.0452	0.0418	0.0414	0.0424		
		
~End
Original Filename: palau_chlorophyll_plate3b.pda   Date Last Saved: 26/06/2019
Instrument type: Instrument serial number:
