##BLOCKS= 2          
Note:~End
Plate:	Plate#1	1.3	PlateFormat	Endpoint	Absorbance	Raw	FALSE	1						3	630 663 750	1	12	96	1	8	None	
	Temperature(¡C)	1	2	3	4	5	6	7	8	9	10	11	12		1	2	3	4	5	6	7	8	9	10	11	12		1	2	3	4	5	6	7	8	9	10	11	12		
	26.80	0.0557	0.2176	0.2753	0.1922	0.197	0.0654	0.1467	0.1241	0.2438	0.1717	0.1818	0.1873		0.0456	0.1952	0.2737	0.186	0.1788	0.0614	0.1387	0.1213	0.2293	0.473	0.5058	0.5046		0.0421	0.1713	0.2678	0.1807	0.1749	0.0571	0.1306	0.1159	0.2147	0.0379	0.0405	0.0452		
		0.1113	0.1202	0.1222	0.053	0.0533	0.053	0.2111	0.2202	0.2171	0.1191	0.1222	0.1225		0.288	0.3204	0.3241	0.0862	0.0883	0.0869	0.601	0.6298	0.6181	0.3206	0.334	0.3336		0.0385	0.0389	0.0417	0.0382	0.0383	0.0374	0.0374	0.0377	0.0385	0.0375	0.0369	0.0373		
		0.1049	0.1069	0.1046	0.0693	0.07	0.0705	0.1553	0.1604	0.1609	0.0797	0.0799	0.0802		0.2605	0.2684	0.2575	0.1407	0.1409	0.1431	0.5298	0.5499	0.5511	0.1901	0.1946	0.1947		0.0387	0.0382	0.0383	0.0369	0.0371	0.0372	0.0373	0.0375	0.0375	0.0373	0.0369	0.0372		
		0.0805	0.0833	0.0839	0.0827	0.0849	0.0844	0.079	0.08	0.0809	0.0639	0.0646	0.065		0.1771	0.1885	0.1882	0.1767	0.1871	0.1852	0.1794	0.1816	0.1827	0.1261	0.1294	0.1273		0.038	0.0372	0.0383	0.0384	0.0383	0.0376	0.0373	0.0368	0.037	0.0371	0.0364	0.0372		
		0.0733	0.0778	0.0759	0.0743	0.0741	0.0745	0.0893	0.0888	0.089	0.0808	0.0816	0.0826		0.1733	0.1913	0.1859	0.1511	0.1516	0.1536	0.2193	0.2202	0.2213	0.1693	0.1713	0.1707		0.0383	0.0391	0.0374	0.0385	0.0387	0.0381	0.0386	0.0375	0.0378	0.0379	0.037	0.0379		
		0.2195	0.2218	0.2245	0.0757	0.0761	0.0757	0.1254	0.1295	0.1307	0.1238	0.1316	0.125		0.6263	0.6361	0.6422	0.1543	0.1554	0.1545	0.361	0.3714	0.3722	0.4181	0.4422	0.4261		0.039	0.0385	0.0381	0.0383	0.0392	0.0383	0.0381	0.039	0.0409	0.0378	0.0405	0.0365		
		0.1778	0.1813	0.1805	0.0828	0.082	0.0874	0.0958	0.0961	0.1014	0.146	0.1481	0.1473		0.5645	0.5778	0.5745	0.1788	0.1779	0.1831	0.214	0.2127	0.2168	0.3981	0.4067	0.3998		0.0385	0.0389	0.0394	0.0371	0.0371	0.0428	0.0385	0.0382	0.0406	0.0378	0.0384	0.0386		
		0.1101	0.1115	0.1141	0.1668	0.188	0.5731	0.1547	0.1564	0.1568	0.2053	0.2129	0.2102		0.2683	0.2717	0.278	0.4808	0.5472	0.9055	0.4142	0.4263	0.4264	0.6375	0.6691	0.6574		0.0386	0.0389	0.0396	0.0387	0.0394	0.4237	0.0412	0.0384	0.0377	0.0376	0.0373	0.038		
		
~End
Original Filename: palau_chlorophyll_plate7b.pda   Date Last Saved: 1/07/2019
Instrument type: Instrument serial number:
