##BLOCKS= 2          
Note:~End
Plate:	Plate#1	1.3	PlateFormat	Endpoint	Absorbance	Raw	FALSE	1						3	630 663 750	1	12	96	1	8	None	
	Temperature(¡C)	1	2	3	4	5	6	7	8	9	10	11	12		1	2	3	4	5	6	7	8	9	10	11	12		1	2	3	4	5	6	7	8	9	10	11	12		
	24.50	0.042	0.066	0.1844	0.2158	0.2397	0.2803	0.2063	0.2756	0.1932	0.047	0.0436	0.2055		0.0389	0.0498	0.1647	0.368	0.4026	0.4384	0.3582	0.4776	0.3692	0.0465	0.0434	0.193		0.0375	0.047	0.1431	0.1445	0.1666	0.2069	0.1416	0.1815	0.0398	0.0427	0.0392	0.1836		
		0.1888	0.3213	0.3196	0.4002	0.3893	0.4217	0.3591	0.4413	0.4563	0.2428	0.2807	0.2867		0.2509	0.3989	0.3902	0.7095	0.7031	0.7782	0.7931	0.9299	0.9361	0.7976	0.9711	0.9869		0.142	0.2995	0.2967	0.2887	0.2772	0.2902	0.2192	0.2815	0.2996	0.0402	0.0404	0.0415		
		0.3738	0.5039	0.5144	0.3067	0.3432	0.343	0.347	0.3352	0.317	0.1238	0.1262	0.1247		0.9685	1.18	1.202	0.4219	0.4866	0.4891	0.4709	0.4564	0.437	0.1154	0.1182	0.12		0.1693	0.2727	0.2763	0.2708	0.2975	0.2945	0.3047	0.2946	0.2777	0.1111	0.1139	0.1156		
		0.4018	0.5023	0.5043	0.4505	0.4605	0.4787	0.3308	0.3537	0.2965	0.1512	0.124	0.123		0.9468	1.0954	1.1075	0.9026	0.962	0.9793	0.4403	0.486	0.4246	0.1442	0.1185	0.1185		0.2134	0.3044	0.3051	0.297	0.2964	0.3102	0.2948	0.3109	0.251	0.1395	0.115	0.1151		
		0.311	0.3758	0.392	0.3228	0.2896	0.2861	0.2809	0.2793	0.2441	0.136	0.1223	0.1614		0.5487	0.6426	0.6758	0.4333	0.3996	0.3908	0.4739	0.4977	0.4681	0.1346	0.1196	0.1573		0.2307	0.2939	0.2999	0.2874	0.2593	0.2571	0.2155	0.2013	0.1593	0.1322	0.118	0.1532		
		0.2478	0.3354	0.3399	0.3017	0.3422	0.3439	0.2879	0.3028	0.2638	0.1276	0.1379	0.1484		0.4287	0.5403	0.5556	0.5231	0.6215	0.6172	0.4891	0.5586	0.5137	0.1262	0.1357	0.1449		0.178	0.2617	0.2559	0.2157	0.2345	0.2392	0.2391	0.238	0.1939	0.1227	0.1341	0.14		
		0.278	0.3425	0.345	0.3805	0.3908	0.3851	0.3096	0.2707	0.0756	0.0956	0.1297	0.1355		0.3737	0.4479	0.4498	0.5613	0.5978	0.5906	0.3941	0.3647	0.162	0.0944	0.1283	0.1316		0.2311	0.3057	0.3099	0.3148	0.3133	0.3103	0.2902	0.2431	0.0397	0.0922	0.1243	0.1273		
		0.2523	0.4357	0.4588	0.2547	0.2459	0.1791	0.2016	0.2082	0.2107	0.0904	0.0971	0.1324		0.7481	0.9722	1.0063	0.3318	0.3261	0.2332	0.5804	0.6188	0.623	0.0858	0.0917	0.1274		0.0427	0.1972	0.2209	0.1932	0.1748	0.0831	0.0446	0.0409	0.0422	0.0805	0.0864	0.1221		
		
~End
Original Filename: palau_chlorophyl_plate1b.pda   Date Last Saved: 11/06/2019
Instrument type: Instrument serial number:
