##BLOCKS= 2          
Note:~End
Plate:	Plate#1	1.3	PlateFormat	Endpoint	Absorbance	Raw	FALSE	1						3	630 663 750	1	12	96	1	8	None	
	Temperature(¡C)	1	2	3	4	5	6	7	8	9	10	11	12		1	2	3	4	5	6	7	8	9	10	11	12		1	2	3	4	5	6	7	8	9	10	11	12		
	26.40	0.0391	0.0398	0.0403	0.0391	0.0395	0.1528	0.0403	0.0399	0.0536	0.0686	0.0414	0.0392		0.0382	0.0384	0.0395	0.038	0.0382	0.1544	0.0392	0.0387	0.0509	0.0641	0.0393	0.0385		0.0372	0.0374	0.0375	0.0364	0.0375	0.1409	0.0374	0.037	0.0483	0.0584	0.0379	0.0368		
		0.0801	0.0841	0.0863	0.0728	0.3792	0.5452	0.3348	0.3648	0.3647	0.0868	0.091	0.09		0.1785	0.1933	0.1927	0.1484	0.4866	0.6623	1.0483	1.1392	1.1416	0.2199	0.2341	0.2297		0.0383	0.0376	0.038	0.0379	0.3888	0.4523	0.0398	0.039	0.0393	0.0371	0.0372	0.0372		
		0.0912	0.0932	0.0921	0.1897	0.1976	0.2193	0.2974	0.3077	0.3097	0.2789	0.2712	0.2812		0.2065	0.2134	0.2119	0.5098	0.529	0.5734	0.9846	1.0127	1.0175	0.8416	0.8199	0.8491		0.0383	0.0371	0.0369	0.0386	0.0402	0.1439	0.0389	0.0393	0.0391	0.0382	0.0375	0.0382		
		0.1049	0.1086	0.1099	0.1221	0.659	0.1342	0.2093	0.2301	0.2228	0.3142	0.3196	0.3162		0.2809	0.2978	0.2987	0.3348	0.8747	0.3659	0.564	0.6278	0.6074	0.9526	0.9637	0.9603		0.0383	0.0379	0.0382	0.0385	0.5533	0.05	0.0385	0.0399	0.0391	0.0392	0.0393	0.038		
		0.1803	0.1859	0.1843	0.1278	0.1341	0.1327	0.0633	0.0636	0.0644	0.2312	0.2512	0.2445		0.5789	0.5989	0.5907	0.3388	0.364	0.358	0.1202	0.1232	0.1235	0.6434	0.707	0.6844		0.0394	0.0394	0.0387	0.0389	0.0396	0.0385	0.0377	0.038	0.0385	0.0389	0.038	0.039		
		0.0917	0.0928	0.0943	0.1324	0.1341	0.1356	0.1543	0.1585	0.1548	0.1468	0.1532	0.1533		0.2159	0.2243	0.2206	0.3676	0.3738	0.3787	0.4344	0.4461	0.4331	0.4548	0.4826	0.4834		0.0387	0.0379	0.038	0.0389	0.0397	0.0406	0.0377	0.0384	0.0379	0.0376	0.039	0.0381		
		0.1065	0.1114	0.113	0.0841	0.0871	0.0853	0.1139	0.1157	0.1164	0.2722	0.2372	0.2427		0.3035	0.3192	0.3269	0.2305	0.2396	0.2331	0.2741	0.2753	0.2798	0.8685	0.7647	0.7835		0.0373	0.0382	0.0382	0.0372	0.0376	0.0376	0.0384	0.0398	0.0389	0.0393	0.0385	0.0389		
		0.0697	0.0715	0.0721	0.1318	0.1354	0.3765	0.1382	0.1347	0.1352	0.195	0.2043	0.2062		0.1323	0.1341	0.1357	0.3878	0.3984	0.6278	0.3486	0.3473	0.347	0.5541	0.5884	0.586		0.0376	0.039	0.0389	0.04	0.0396	0.2821	0.0413	0.0383	0.0385	0.0391	0.0388	0.0399		
		
~End
Original Filename: palau_chlorophyll_plate4.pda   Date Last Saved: 26/06/2019
Instrument type: Instrument serial number:
