##BLOCKS= 2          
Note:~End
Plate:	Plate#1	1.3	PlateFormat	Endpoint	Absorbance	Raw	FALSE	1						3	630 663 750	1	12	96	1	8	None	
	Temperature(¡C)	1	2	3	4	5	6	7	8	9	10	11	12		1	2	3	4	5	6	7	8	9	10	11	12		1	2	3	4	5	6	7	8	9	10	11	12		
	26.20	0.0393	0.0412	0.0419	0.1613	0.0389	0.0392	0.0406	0.0377	0.0633	0.0434	0.0438	0.0447		0.0376	0.0399	0.0398	0.1549	0.0373	0.0376	0.0389	0.0363	0.0646	0.0423	0.0429	0.0436		0.0368	0.0389	0.0381	0.1512	0.0364	0.0367	0.0376	0.0357	0.0588	0.0411	0.0422	0.0424		
		0.1906	0.2036	0.1953	0.2527	0.2469	0.2584	0.0811	0.0813	0.0825	0.044	0.0432	0.0444		0.5831	0.6316	0.5992	0.7241	0.7078	0.7438	0.1814	0.1825	0.1859	0.043	0.0426	0.0431		0.0388	0.0389	0.0395	0.0399	0.0401	0.0387	0.0375	0.0369	0.0371	0.0416	0.0415	0.0421		
		0.0836	0.0963	0.0957	0.1324	0.1486	0.1494	0.0439	0.0428	0.044	0.0436	0.0432	0.0451		0.208	0.2543	0.2521	0.3654	0.4165	0.4176	0.0427	0.0421	0.0425	0.0425	0.042	0.0436		0.038	0.0371	0.0376	0.0383	0.0376	0.0386	0.0419	0.0417	0.0415	0.0412	0.0411	0.0429		
		0.1158	0.1182	0.1212	0.09	0.0597	0.091	0.0435	0.0447	0.0441	0.0433	0.0429	0.0456		0.2939	0.3032	0.3072	0.2246	0.1093	0.2313	0.0427	0.0437	0.0431	0.0427	0.0422	0.0442		0.0384	0.0376	0.0401	0.0381	0.0395	0.0381	0.0421	0.0425	0.0418	0.0417	0.0413	0.0428		
		0.0713	0.0715	0.0727	0.1097	0.1174	0.1138	0.0443	0.0435	0.0434	0.0436	0.0445	0.0451		0.1397	0.1427	0.1433	0.3009	0.3268	0.3165	0.0427	0.0423	0.0422	0.0429	0.043	0.044		0.0389	0.0378	0.0386	0.0399	0.0409	0.0395	0.0416	0.0416	0.0419	0.0422	0.0419	0.0427		
		0.095	0.0919	0.102	0.1237	0.1295	0.1475	0.0435	0.0429	0.0444	0.0438	0.0439	0.0447		0.269	0.2605	0.301	0.3488	0.373	0.3883	0.0423	0.0421	0.0431	0.0425	0.0428	0.044		0.0377	0.0373	0.0374	0.0391	0.0394	0.0589	0.0412	0.0413	0.0418	0.0412	0.0424	0.0425		
		0.0757	0.0764	0.0775	0.0735	0.0764	0.0778	0.0434	0.0445	0.0443	0.0446	0.0432	0.0447		0.1527	0.1543	0.1575	0.1584	0.1651	0.1713	0.0423	0.043	0.0433	0.0428	0.0416	0.0435		0.0377	0.0381	0.0376	0.0379	0.0393	0.0386	0.0411	0.0413	0.0424	0.0415	0.0409	0.0425		
		0.1549	0.1685	0.1688	0.1813	0.1948	0.2271	0.0453	0.044	0.0474	0.0445	0.0437	0.0451		0.2797	0.3098	0.3109	0.5047	0.5592	0.591	0.044	0.043	0.0461	0.0433	0.0428	0.0435		0.0408	0.0407	0.0415	0.0388	0.0387	0.079	0.0426	0.0416	0.0449	0.042	0.0412	0.0426		
		
~End
Original Filename: palau_chlorophyll_plate3.pda   Date Last Saved: 26/06/2019
Instrument type: Instrument serial number:
