##BLOCKS= 2          
Note:~End
Plate:	Plate#1	1.3	PlateFormat	Endpoint	Absorbance	Raw	FALSE	1						3	630 663 750	1	12	96	1	8	None	
	Temperature(¡C)	1	2	3	4	5	6	7	8	9	10	11	12		1	2	3	4	5	6	7	8	9	10	11	12		1	2	3	4	5	6	7	8	9	10	11	12		
	26.40	0.0726	0.0676	0.1819	0.1373	0.0477	0.0494	0.1975	0.1366	0.2438	0.1059	0.1246	0.1239		0.0612	0.0622	0.175	0.1277	0.0449	0.0462	0.192	0.1241	0.2294	0.0979	0.1048	0.1139		0.0593	0.0559	0.1678	0.1126	0.0413	0.0439	0.1866	0.1125	0.2207	0.0907	0.0833	0.101		
		0.0572	0.0583	0.0575	0.112	0.117	0.1151	0.0496	0.0507	0.0513	0.1248	0.1291	0.1289		0.0903	0.095	0.0934	0.2718	0.2853	0.2768	0.0757	0.0789	0.0794	0.3634	0.3823	0.3805		0.0386	0.0381	0.038	0.0375	0.0382	0.0392	0.037	0.0363	0.0372	0.0371	0.0377	0.0378		
		0.1013	0.1049	0.1044	0.0714	0.0745	0.0749	0.0903	0.093	0.0931	0.0635	0.0634	0.0647		0.2375	0.2492	0.2494	0.1488	0.1559	0.1568	0.2036	0.2121	0.2118	0.1161	0.1182	0.1214		0.0388	0.0369	0.037	0.0368	0.0374	0.0379	0.0375	0.0371	0.0372	0.0376	0.0378	0.0376		
		0.0612	0.0625	0.0635	0.1161	0.118	0.1165	0.0614	0.0671	0.0643	0.0848	0.0862	0.0857		0.11	0.1137	0.1154	0.3234	0.3322	0.327	0.1068	0.1151	0.1117	0.1829	0.1893	0.1891		0.0389	0.038	0.0381	0.0387	0.0392	0.0386	0.0376	0.0415	0.0386	0.0396	0.0376	0.0377		
		0.0569	0.059	0.0591	0.0598	0.0601	0.0619	0.2075	0.2207	0.2197	0.0597	0.0619	0.059		0.0989	0.1062	0.1063	0.103	0.1045	0.1066	0.6088	0.6507	0.6473	0.1029	0.1077	0.1038		0.0383	0.0379	0.0374	0.0384	0.0388	0.0392	0.0379	0.0381	0.0387	0.039	0.0398	0.0371		
		0.1007	0.1051	0.1066	0.0813	0.0821	0.0817	0.2584	0.2748	0.2682	0.0653	0.0663	0.0663		0.2292	0.2428	0.2458	0.167	0.1721	0.1701	0.8144	0.8717	0.8479	0.1268	0.1316	0.1313		0.0381	0.0383	0.0374	0.0389	0.0393	0.0384	0.0392	0.0392	0.0391	0.0371	0.0383	0.0374		
		0.0958	0.1002	0.101	0.0699	0.0574	0.0728	0.0586	0.0602	0.0687	0.0745	0.0739	0.0726		0.229	0.2455	0.248	0.1503	0.1022	0.1579	0.0978	0.1013	0.1096	0.1526	0.1576	0.1549		0.0383	0.0375	0.0376	0.0373	0.0381	0.0378	0.038	0.0384	0.0465	0.0407	0.0393	0.0378		
		0.058	0.0606	0.0612	0.1197	0.125	0.1744	0.0662	0.0611	0.0598	0.0663	0.0699	0.079		0.1154	0.1249	0.1251	0.305	0.3232	0.3696	0.1094	0.1069	0.1057	0.123	0.1286	0.1358		0.0371	0.0387	0.0388	0.0399	0.0403	0.098	0.0446	0.038	0.0382	0.0387	0.0385	0.0508		
		
~End
Original Filename: palau_chlorophyll_plate6b.pda   Date Last Saved: 1/07/2019
Instrument type: Instrument serial number:
