##BLOCKS= 2          
Note:~End
Plate:	Plate#1	1.3	PlateFormat	Endpoint	Absorbance	Raw	FALSE	1						3	630 663 750	1	12	96	1	8	None	
	Temperature(¡C)	1	2	3	4	5	6	7	8	9	10	11	12		1	2	3	4	5	6	7	8	9	10	11	12		1	2	3	4	5	6	7	8	9	10	11	12		
	26.40	0.0395	0.0446	0.0399	0.0412	0.0392	0.0386	0.0445	0.0437	0.0429	0.0427	0.0436	0.0449		0.0382	0.0429	0.0388	0.039	0.0376	0.0373	0.0433	0.0426	0.0423	0.0418	0.0425	0.0439		0.037	0.041	0.0377	0.0375	0.0367	0.0363	0.0425	0.0412	0.0409	0.0409	0.0414	0.0425		
		0.2264	0.2076	0.2112	0.4735	0.509	0.5119	0.0433	0.0434	0.0431	0.043	0.0424	0.0439		0.6352	0.6033	0.6096	1.373	1.4718	1.4748	0.0425	0.0419	0.0428	0.0423	0.0413	0.0432		0.0522	0.0382	0.0425	0.0413	0.0417	0.0414	0.0418	0.0411	0.0413	0.041	0.0406	0.0419		
		0.1539	0.2093	0.1657	0.2284	0.2261	0.2241	0.0432	0.0431	0.0437	0.0437	0.0431	0.0439		0.458	0.5525	0.4987	0.8119	0.8004	0.7964	0.0427	0.0428	0.0431	0.0425	0.042	0.0433		0.0389	0.077	0.0384	0.0389	0.0387	0.0384	0.042	0.0416	0.0421	0.0412	0.0413	0.0421		
		0.1123	0.1113	0.1105	0.0999	0.1009	0.1016	0.0435	0.0432	0.0445	0.043	0.0861	0.0447		0.2883	0.2903	0.2821	0.2542	0.2595	0.2674	0.0424	0.0425	0.0436	0.0424	0.0864	0.0436		0.0398	0.0374	0.0389	0.0399	0.0393	0.0379	0.0422	0.0415	0.0425	0.0415	0.0865	0.043		
		0.0896	0.0873	0.0879	0.0435	0.0436	0.0429	0.0434	0.0466	0.0428	0.0432	0.0434	0.0451		0.1958	0.1994	0.1998	0.0424	0.0422	0.042	0.0431	0.0468	0.0422	0.042	0.0425	0.0438		0.0422	0.0379	0.0379	0.0419	0.0411	0.0412	0.0423	0.0462	0.0418	0.0413	0.0418	0.0429		
		0.0642	0.0664	0.0726	0.0447	0.0433	0.0432	0.0428	0.0424	0.0438	0.0437	0.0435	0.0449		0.1238	0.1328	0.1372	0.0438	0.0419	0.0418	0.042	0.0416	0.0429	0.0427	0.0425	0.0437		0.0385	0.0385	0.0447	0.0431	0.0413	0.0409	0.0412	0.0411	0.0418	0.0411	0.0421	0.0425		
		0.0767	0.0805	0.0809	0.0436	0.0436	0.045	0.0429	0.0436	0.0444	0.0452	0.0442	0.0448		0.1784	0.1905	0.1916	0.0427	0.0427	0.0439	0.0424	0.0429	0.0437	0.0441	0.0429	0.044		0.0367	0.0374	0.0377	0.0418	0.0415	0.0428	0.0411	0.0413	0.0426	0.0427	0.0424	0.0429		
		0.2712	0.2784	0.2797	0.044	0.0442	0.0442	0.0452	0.0438	0.0441	0.0444	0.0436	0.045		0.8168	0.8495	0.8437	0.0433	0.0434	0.0433	0.0442	0.0428	0.0431	0.0428	0.0427	0.0439		0.0399	0.0397	0.0404	0.0422	0.0426	0.0424	0.0435	0.0417	0.0419	0.042	0.0411	0.0428		
		
~End
Original Filename: palau_chlorophyll_plate5.pda   Date Last Saved: 26/06/2019
Instrument type: Instrument serial number:
