##BLOCKS= 2          
Note:~End
Plate:	Plate#1	1.3	PlateFormat	Endpoint	Absorbance	Raw	FALSE	1						3	630 663 750	1	12	96	1	8	None	
	Temperature(¡C)	1	2	3	4	5	6	7	8	9	10	11	12		1	2	3	4	5	6	7	8	9	10	11	12		1	2	3	4	5	6	7	8	9	10	11	12		
	24.50	0.1523	0.1691	0.2359	0.1874	0.1937	0.2175	0.1715	0.2412	0.2008	0.0915	0.0405	0.252		0.1393	0.1706	0.239	0.3555	0.3775	0.4002	0.3456	0.4697	0.436	0.0747	0.0402	0.2464		0.1261	0.1748	0.241	0.1416	0.1551	0.187	0.1382	0.1934	0.1447	0.0616	0.039	0.2393		
		0.1807	0.2729	0.2518	0.3374	0.3021	0.3408	0.2883	0.3729	0.392	0.2807	0.283	0.2878		0.2624	0.363	0.3447	0.671	0.648	0.7306	0.7466	0.8942	0.9018	0.8609	0.9766	0.9927		0.1741	0.2679	0.2624	0.2592	0.2356	0.2619	0.1806	0.2573	0.2751	0.1016	0.04	0.0412		
		0.3294	0.4303	0.4382	0.2308	0.2739	0.2899	0.2833	0.2681	0.248	0.1275	0.1373	0.1442		0.9495	1.1437	1.1576	0.3718	0.4476	0.4614	0.4329	0.4174	0.3968	0.1265	0.1352	0.1401		0.1491	0.2397	0.2434	0.2355	0.2769	0.2798	0.2817	0.2687	0.2505	0.1248	0.1322	0.1369		
		0.3782	0.4362	0.4472	0.3943	0.3881	0.4351	0.258	0.2877	0.2346	0.1667	0.1371	0.1449		0.9377	1.0565	1.0804	0.8799	0.9217	0.9659	0.3883	0.4429	0.386	0.1655	0.1342	0.1404		0.2196	0.2781	0.2864	0.2876	0.2677	0.3063	0.2567	0.282	0.2252	0.1633	0.132	0.1368		
		0.305	0.2943	0.3114	0.232	0.2061	0.1982	0.2065	0.2109	0.1938	0.1515	0.1366	0.1773		0.5509	0.5903	0.6271	0.3736	0.3395	0.3221	0.4146	0.4421	0.4331	0.1501	0.1343	0.1728		0.2313	0.2576	0.2659	0.2447	0.2117	0.2041	0.1632	0.1525	0.1285	0.1485	0.1325	0.1686		
		0.1977	0.2597	0.2821	0.2375	0.2673	0.2686	0.2129	0.2332	0.2105	0.1523	0.1484	0.1678		0.3969	0.4926	0.527	0.4797	0.5719	0.5624	0.4374	0.5123	0.4875	0.1491	0.1469	0.1643		0.1575	0.2308	0.2452	0.1801	0.1937	0.1975	0.1948	0.2013	0.1737	0.1454	0.1447	0.1609		
		0.2502	0.2906	0.2855	0.3222	0.331	0.3247	0.2331	0.1992	0.1753	0.1037	0.1398	0.1508		0.3653	0.4182	0.4158	0.5229	0.5621	0.5527	0.334	0.3093	0.2781	0.1027	0.1379	0.1484		0.2406	0.2912	0.2899	0.2902	0.294	0.2865	0.2433	0.1988	0.1645	0.1005	0.1352	0.146		
		0.3327	0.4428	0.4451	0.2432	0.2324	0.1913	0.2842	0.2084	0.2127	0.1149	0.1177	0.1576		0.8397	0.9959	1.01	0.3416	0.3415	0.2872	0.674	0.6197	0.6327	0.1121	0.1147	0.1542		0.1301	0.2286	0.2235	0.234	0.2238	0.1824	0.1382	0.0412	0.0429	0.1087	0.112	0.1501		
		
~End
Original Filename: palau_chlorophyll_plate1.pda   Date Last Saved: 11/06/2019
Instrument type: Instrument serial number:
