##BLOCKS= 2          
Note:~End
Plate:	Plate#1	1.3	PlateFormat	Endpoint	Absorbance	Raw	FALSE	1						1	660	1	12	96	1	8	None	
	Temperature(¡C)	1	2	3	4	5	6	7	8	9	10	11	12		
	22.90	1.1532	1.2225	1.2542	0.6239	0.7295	0.4977	0.5679	0.5554	0.5742	0.0426	0.0427	0.0431		
		0.6377	0.6539	0.658	0.3455	0.3326	0.3412	0.0421	0.0419	0.0424	0.0422	0.0416	0.0429		
		0.3697	0.3693	0.3689	0.1861	0.1992	0.1906	0.042	0.0416	0.0424	0.0425	0.0418	0.0432		
		0.2201	0.2104	0.2141	0.7689	0.8494	0.7907	0.0426	0.0423	0.0489	0.0488	0.0414	0.0433		
		0.1443	0.14	0.1358	0.4168	0.3748	0.3904	0.0421	0.0418	0.0419	0.0418	0.0418	0.0433		
		0.1773	0.1783	0.1904	0.3654	0.3297	0.3312	0.0423	0.0416	0.0425	0.0426	0.0429	0.0437		
		0.2463	0.243	0.3084	0.6352	0.6284	0.5575	0.0421	0.0436	0.0426	0.0431	0.0422	0.043		
		0.3965	0.3703	0.3915	0.4135	0.4353	0.4707	0.0435	0.0429	0.0427	0.0428	0.0423	0.0435		
		
~End
Original Filename: palau_,mike_tray10N.pda   Date Last Saved: 11/07/2019
Instrument type: Instrument serial number:
